UniverseAge=1.3787E10[yr]
AvogadroConstant=6.02214076E23[mol^-1]
BohrRadius=0.05291772109029999813118170166879904778[nm]
